0.3382057502835527
0.3376250758929763
0.2464315273434074
0.16850422171713622
0.23372670666475864
0.29229758375225356
0.30517125792499655
0.3460462969874177
0.3460462969874177
0.3454962539624677
0.3380260610461791
0.33430684322259013
0.32361176689621646
0.3168206627095657
0.31603056399407325
0.3265682787648453
0.33380634601325343
0.33380634601325343
0.3242097542211279
0.3448195393070487
0.3448195393070487
0.3151349862575083
0.3151349862575083
0.3179461970660663
0.320728464050704
0.3344710729652932
0.3344710729652932
0.34894619588846004
0.34894619588846004
0.33545356705872453
0.3422711838353997
0.3422711838353997
