3.3233937897453103
3.4958297870903197
3.2632718151873235
3.4856133838258474
3.3837062160647076
3.2655322291229703
3.4387954825083087
3.3233937897453103
3.496847111534355
3.200226559414897
3.491567789377726
3.569680054929539
3.3351867275353033
3.657807668805738
3.657807668805738
3.8023297700478573
4.430877373340822
3.5371659831499587
3.8770177016732195
3.6685686597315024
3.800062157077181
3.6616258489945
3.4410499919397077
3.39041780571001
3.591288639747488
3.4410499919397077
3.3961689939313304
3.546407641739111
4.918103021424485
4.644245646157748
5.346762616867018
4.537987010226309
4.621320343559642
4.334888164535441
5.050687754132632
5.0
4.6454357918439815
4.967354420799298
4.644245646157748
5.0
4.533494810348252
4.918103021424485
5.418103021424485
4.14408830407813
4.642857142857142
4.644047288543376
4.336784241964827
3.8031587287012454
3.8650431541578056
3.383267907584831
3.8030824255444617
3.814549179884307
4.359484777010637
5.360042541145075
4.705831861012445
4.964850969899705
4.882651476247026
4.884087831004845
5.084769688091152
4.916666666666666
4.692231591776414
4.286904431400519
5.049509756796393
5.94993818807408
5.049509756796393
4.572817074729177
5.048184303233038
4.691041446090181
5.361478895902894
4.965984809580359
5.048184303233038
4.71567421758632
4.192748914988214
4.286904431400519
4.267265941335579
4.075840068954043
3.6088740666725094
3.8176698497054664
4.091478865942715
5.419769225385211
5.001343736545137
5.943104890858492
4.572659732649559
4.620844035882596
5.3584086937394275
5.403112129009987
5.419769225385211
5.443130530373367
5.84174202707276
5.048184303233038
4.718535460866594
5.049509756796393
4.964850969899705
5.54138126514911
5.50736607472947
5.048184303233038
4.285714285714286
4.020088666018831
3.800062157077181
3.5902050728338013
3.8176698497054664
3.8770177016732195
3.8770177016732195
3.814549179884307
3.877015604817706
3.9425043950738985
3.8031587287012454
3.939484126606618
